-0.503925068906109
0.914411508128228
-0.7575288733733969
0.4780435742914315
-0.16406668080879494
-0.8687835763439185
0.1912265441599026
0.35696052193616823
0.055587596389308214
-0.9369124531719704
-0.7244592857006595
0.6578131298651266
0.5621652867072973
0.6867656376234419
-0.9627141455867174
-0.18292453204623516
-0.5633074531817293
-0.006995803259765232
0.15509861352063314
0.010249462617546667
-0.25068543573367297
-0.5760231539727831
-0.4894906463936761
0.7613616325646393
-0.7558531762978211
-0.6231966521377432
-0.5408179034106031
0.17207604993967895
0.2995797354420191
-0.20916735843378342
0.31562655482118407
0.05466319266473563
-0.33443684639354165
-0.6148492168978654
0.6866975827875763
0.08314396112899392
-0.3624011695910603
-0.2758911747087538
0.4786502690612251
0.9695060530988908
-0.9521261806995553
-0.03750535809276179
-0.8455288522708129
-0.37303292151020506
-0.26283054228992975
-0.14170039401427825
-0.8673394616656793
0.2998386777258646
0.01688490972293022
-0.560139380923453
-0.9044066177313916
0.7196218378986012
-0.9612840640125302
-0.4245148124225335
0.41503848592700576
-0.5104561947422233
0.9602344236988603
0.6174952137649417
-0.09562916667070409
0.10482363272008821
-0.6721841240333237
0.278954359716441
-0.32853703929414024
0.2835325269325186
0.19406574264997478
0.9501705267080633
-0.026804061360870213
0.6129922708282824
-0.854900971936041
0.7733944160805182
-0.3380175873017326
-0.09076555429753519
0.6337296937251449
-0.03203755778317974
-0.9333512542839864
0.14211959719401546
-0.20216937761033993
0.13446076222431325
-0.035525495740074575
-0.7037043824845286
-0.7111726704591987
-0.43468494777983446
0.678142669816644
0.11825088203178269
0.5434917035923454
-0.049460732309918765
-0.7291942400292175
0.34229693638904246
0.40290603500960076
-0.7087961705425201
0.3144263145933661
-0.30660654050395086
0.015669179055326277
0.3195132324573715
0.7710041022934906
0.73230569203377
-0.44187839101162907
-0.7267904422670055
0.1532544893405472
0.4386641424143398
