0.5651782308688986
-0.09168362430022392
-0.9804593597095228
0.7904889427506363
-0.13154337152773787
-0.5166956498894815
-0.4124562615540692
-0.42131401108631894
-0.5411401609888868
-0.04675446024564267
-0.874696661898094
0.007666489175971902
-0.4716369064292396
0.7185969651408477
0.8707272628081932
-0.8715009268168346
0.41946436920623786
-0.8528619312055599
-0.48128112491153896
-0.10289155207767231
-0.8536740831955918
0.7913043819150285
0.7908959915884903
-0.14986332840706273
0.9404540373427481
-6.014828293174901E-4
0.6875931656730121
-0.9339304845115468
0.02752059432827947
-0.47965143067519267
0.5437904873662864
-0.4095999707037503
0.0626338446196093
-0.12448784058350881
-0.7374351006928994
0.9586785459378584
-0.565430967885246
0.507353731330574
0.914113834495343
0.9688787135435779
-0.004828972456361269
-0.9863514069539512
0.2653527370101496
-0.565415650066925
-0.3216530293845772
0.13719769486949285
0.7445431247991805
-0.7069168450725356
-0.05623244345034606
0.6048637300801118
0.8473588434942778
0.14752830939172257
0.013600069449529073
-0.6039323291101526
0.05525320783688992
0.08991013486525246
-0.5337011027814249
-0.4302868611136723
-0.036058617883339306
0.48165578028655154
0.9096827787902388
-0.6101660054264308
0.5092661562704026
-0.7387461338805694
-0.8237694134108218
-0.8359111588959465
0.9296686371542915
-0.6966200377054002
0.7667313003499887
-0.0544465086937731
0.4189379075592954
-0.6284249476150121
-0.8858739677462377
-0.9529076684746658
0.2998668989047679
0.28660932864912847
-0.3524159059160554
-0.8210848643167052
-0.0111044227822783
0.07524023101679234
-0.39244254073754425
0.9437562982310503
-0.9762252983978512
-0.9308477200016927
-0.904238542969759
0.41044061868745074
0.9907370389700019
-0.8085552464981283
-0.060267377235113884
0.5354271701039588
0.31461627980840645
0.9981108159788963
-0.3901824440997741
-0.6867473755638249
-0.4351938968733151
-0.5654696482560604
0.647150030977798
0.7106217885815074
-0.8180936882711236
0.7220760985473478
