0.06880776460974891
-0.8864286776041932
-0.7503599846083921
0.9287626517450482
-0.9453436875076457
0.4036454966166654
-0.7455611766303469
-0.35503474267626367
0.26148411458913023
-0.7135382059408837
0.4235029251052531
-0.8556140303664568
0.20510245826796947
-0.40021580426583037
-0.10555192503206534
-0.7610264404590807
-0.9250967553397667
-0.6522147985323468
0.07626240367544734
0.20946983133084318
-0.12577111057684798
-0.8380330396032039
-0.620303643495681
0.6701099659046028
0.2218769608744593
0.6861111856686655
0.4833298789645881
0.012411124724800215
-0.5763126128245035
-0.2689786006987114
0.09680322148291287
0.790415105584213
-0.4811371172534189
0.09364997273197506
-0.6903483381146609
-0.26017157048681017
-0.33612308337120655
0.04653071949828291
0.303636647840011
-0.48391734357282123
0.43752586668764515
0.6772648925311557
-0.5415797549847394
0.6914140580685604
0.43388628144413044
-0.5058620840343542
0.694881661565184
-0.9313583038645763
-0.14436000482629185
0.0127713016231088
0.27732883364926164
0.9493999047033277
0.7284340099077371
0.4000423906568482
-0.76469025775378
0.6371593910642508
0.8276444573842936
-0.324666059509785
0.06768324899967859
0.16045029030192848
0.4421176842676533
0.4555011691242927
0.45606039725818914
0.9692769302136641
-0.3048356700861272
0.7787754483132321
0.34168177442568415
-0.8122060165415337
-0.6987148289195424
0.15414790354705232
-0.09075167467458112
-0.10110924483460071
-0.6421892395180122
0.6566085870797582
0.7731773973262182
-0.10859196625629952
-0.9461591265890297
0.6249413385246174
0.9762080777172937
0.31829206804151045
-0.9754290178999621
0.3176046448766927
0.2872332410955636
0.7940656727456179
-0.5127014761469895
-0.25644334801646695
-0.27531106254791293
0.6025766831389499
-0.733897652304039
0.8087101082355144
0.2337848798165334
0.8910613208387863
-0.6546058690475605
0.9050311836457454
0.010312535717351246
-0.005862198015367248
-0.3117581293627256
-0.8818749580457137
0.09072141787516297
0.3614245529953828
