-0.23340531454026037
-0.19083033978210784
-0.9287013786028646
-0.6120617776827837
0.10816714349284506
0.6583107104693331
0.5974072557456214
-0.8333773135509368
-0.14821245478260225
0.9924544296449405
-0.4427087192932606
-0.29987736618837
-0.7706360618899557
0.9379117714348335
-0.41836639930365793
-0.03530395107156359
-0.9199995316950409
-0.6274341642137993
-0.46589917206126485
-0.39993384437036106
0.3585541572365125
-0.39498295511074977
0.8075522618757831
0.6811885515553195
0.2689496139236649
0.033176044233557356
0.8500176116287028
-0.17625573232634872
-0.22036334037800143
0.21400711615244972
-0.5946323234016426
0.9466640517056188
0.12427961002589716
0.574951246111721
-0.1694444126301473
-0.9049369664295521
-0.7010310101192863
0.8588865672178405
-0.7092409058156288
-0.13045282325186358
-0.46204878388877657
0.3183127888689483
0.6357078760413559
-0.7870723328403055
-0.7169265330646417
-0.33922642679234905
-0.6750680965605114
0.5729598432206624
0.2578445328989982
0.7963586846158519
0.8966219624013991
0.7898002480139288
-0.08478401581249173
-0.4505427943954632
0.164244205383413
0.44945347661143376
-0.25110931771995393
0.6707592995146598
0.5770058872376229
0.8995594898347781
0.7411687647109673
-0.2781657323672686
0.9947210163258615
0.6414490793567835
0.5660444413656964
0.703438770195361
-0.4954215075494284
0.3924743107301618
-0.9255294724128804
-0.33996134309689974
-0.15323132734757494
0.7551979279651482
-0.9405901847364608
0.9168553397534893
-0.4821237803477745
-0.8648953394398018
0.33149624745204
0.09207566184059934
-0.3145978944595451
-0.6839247892089695
0.7318318817643619
0.5756927702535881
-0.326271268106304
-0.06705869034691236
-0.1333513032243019
-0.2222266027530453
0.9712969758222805
0.9730192830609607
0.06926669885454073
0.12277505571763125
-0.5392840663900327
0.39359723451482465
0.3779848023092025
-0.49713545452371743
-0.11202020084810571
-0.040071372842370945
-0.8357581517208741
0.7020179783304368
-0.536080760458953
0.48836383965361607
