-0.047279178319795445
-0.5987715347573574
-0.5737211518464558
0.0699433249395085
0.32900686497016185
0.32757796357212077
-0.949326553914903
-0.08637238366000966
-0.6153170864350488
0.8475657506392802
0.15187030245571398
-0.8958293686648009
-0.573951690067837
-0.8550104359512114
-0.9451206602629014
-0.32074775940611056
-0.6512688429243025
0.2884757921928369
0.19641237685204604
-0.12646296562224402
0.7432792137328363
-0.9925545875456081
0.44860723842692884
0.21901252469937194
-0.3289583493523598
-0.2090881710182506
0.790318902378188
0.9103282371019323
-0.3314932186913446
0.8228437376080708
0.424182388689323
-0.8470289361810446
-0.9910340378396645
-0.30834602459414384
0.9396069414913062
0.9171886592557721
-0.7164235747206302
-0.702296264464956
0.18631257261229273
-0.7118480291492215
0.9595989900931206
-0.06846073703520572
-0.8500257325166183
-0.5670742867276539
0.731789505837936
0.10690623640426544
0.3109920207578656
0.09739394676117552
-0.7963741094595975
0.40641596320402407
0.7193577103263626
-0.49863469808767813
-0.281743231366391
-0.6659357131451384
-0.6669570375849652
-0.482338335670931
0.00475915319593434
-0.03236629199740704
0.044285994568916465
0.10107159788430353
-0.28650228188358295
-0.9346638936160891
-0.7423926154524845
0.07562744154964096
0.8850792116445978
0.20488230173416744
-0.11466120499351984
0.5937441732004745
0.9306005820055305
-0.48050717568593826
0.190901548447155
-0.1516640963489264
0.7965911462857718
0.6441916206439573
0.03702463736655348
-0.05089665189621595
0.6462535066811028
0.5970537689379349
0.7855456119381747
-0.7332355704643119
-0.39069069939511714
0.49390530025796253
0.34739036810872914
0.004078362143810965
0.9359610580168056
0.23130164085200078
-0.3042189895487797
-0.7299087677669198
-0.7638170497375012
0.571440352847429
-0.4673253731336866
0.5141091627317433
0.3937570995863078
-0.576010209266087
-0.26211198068180086
0.8184842417056155
-0.784824841358049
-0.45635433091531774
-0.26768235670232254
0.2543749981412897
